<<<<<<< HEAD
0 4 0 0 0 0 0 0 0 0 0 0 0 0 0 
0 1 1 1 1 1 0 1 0 1 0 1 1 1 0 
0 0 0 0 0 1 0 1 0 1 0 0 0 1 0 
0 1 1 1 1 1 0 1 0 1 1 1 1 1 0 
0 0 0 0 0 1 0 1 0 0 0 1 0 1 0 
0 1 1 1 0 1 0 1 1 1 0 1 0 1 0 
0 1 0 0 0 1 0 1 0 1 0 0 0 1 0 
0 1 1 1 1 1 0 1 0 1 1 1 1 1 0 
0 0 0 0 0 1 0 1 0 1 0 1 0 0 0 
0 1 1 1 1 1 1 1 0 1 0 1 0 1 0 
0 1 0 1 0 0 0 0 0 1 0 0 0 1 0 
0 1 0 1 1 1 1 1 0 1 1 1 1 1 0 
0 0 0 0 0 1 0 0 0 0 0 0 0 1 0 
0 1 1 1 1 1 1 1 1 1 0 1 1 1 4 
0 0 0 0 0 0 0 0 0 0 0 0 0 0 0 
=======
0 4 0 0 0 0 0 0 0 
0 1 1 1 0 1 1 1 0 
0 1 0 1 0 1 0 0 0 
0 1 0 1 0 1 1 1 0 
0 0 0 1 0 0 0 1 0 
0 1 0 1 1 1 1 1 0 
0 1 0 1 0 0 0 0 0 
0 1 1 1 1 1 1 1 4 
0 0 0 0 0 0 0 0 0 
>>>>>>> ea181d30f3191824e3055453d819ddf2deaf924f
